vocabSize:261	docNum:550
0,1,2
3,4
5
6,6,7
8,9,10,11,12,13,14
15
16
17,18
19,20,21
22,23,24,4,25
8,26
27,28
29,30,31
32
31,33,0
34
16,35
16,36,37,38
39,40,4
41,42
8,43
44
37,45,46,4,47,8
48
49
50,51
52,45
16,53
54
55,56,57,8,58,59,53,7
16,60,61,62,63
64
65
66,67
68,21
69,70,71,72,37
73,64,33
74,69,34
75,76,77
78,15
79
41,80
81
16,36,37,38,20
58,82
16,45,4
17,18
73
83,84
17,18
85,86
87,88,4,89,4,37,32
90,91
40,92,93
53,8,4,94
95,96
40
47
97
98,99,98
100
14,101
59,76,102,103
65,104,68,37,105,65,104
37
63,106,45
74,107,70,108,109,110
111,112,113,112,114
37,30,115,116
117
118,118
119,120,121,98,34,40
122,60
123
124,35
125,125,125,125
126,13,23,24,4,127
41,40
128
76,64,129
17,18
130,131
132,41,133,32,134
10,8
135,110,85,135,107,136,37
137
138,14,139
39
23,24,14,140
122,127
97,67,42,97,92,92,67,67
8
141,142
75,75
49,84,32,143
139,144,145,145
146
84,8,147,148,149,150,151,8
70,152
153
154
139,55,127,28
155,147,156
134
157
158,6
16,36,37,38
72
44,159,44,20,160,141
19,161,162,7
114,12
163
59,164,22,164
165,166
14,4
167,23,167,168
38,16,10
158,41,57
127,109,110
142,14
155,169
155
61,42
156
76,159
19
54,32,170,83
158,141,14,14,158
139
171,37,37
29
11
172,119
5,173
134,174
45,46
124,35,4,33,175
20,20
176,147,177,178,178,179
59,180
181,181,182
19
183
68
59,71,126
53,130,173
114,172,102,114
16,36,37,38,20
128
184,185
35,133
99,4,145,37
186
27,187
14
137,188,42,189
96
190
12
89,139,147,7,47,3
18
87,88
40,41,22,191
192,171,32,193,194,193,195,195,149
136,37,110,85,196,107
197
198,143,193,115,199,116
129,176
29,186,86
158,57
200
81
134,201,92,32,21,201,141
77,41,77
16,36,37,38,20
44
63
13,103,72,53
139
175,0,173
20,202,141
45,203
23,50,122,204,205
136,206,81
102
14
19
189,160
12,32,207,74
141
208,197
4,209,179,107,32
210
24,8,211
103,32,173,111
212,49
213
214,215,90
133
168
45,8
216,54,151,96
131,85,217,125
132,102,41,4,212,212
67,2
218,32,219,28,218,102
13,23,24,4
99,87,88,205
14
220
99,16,221,98
102,211
94
141,83,215
222
145,119,177,47
28,223,25
224,222,222
177,6
14
106,28,58
27,185,4
7,221,71,209
73,46
21,200
122
225
45,13,23,24,4,14
104,27,226
28,227,228,229,153,105,123
230,8,230,8
44
112
22
231,23,83
232
138
130
43,150
69,233
60
33,56
119,8
120,96,19
72,231
99,151,176
44,193,116
234,235,92
39,165
102,7
193,115,199,116
200
165,236,237,238
107,31
28,216,83,110
13,103,206,8
141
165,10,82
1
68
72,177
235,239,37,171
238
129
188,137
205,235
182,173,61,197,174,238
28,28
44,240
24,28,43,24,28,69,24,28,186,27,16
106
152,8
14,128
62,127
137
89,148,28,66,204
187,216
138,241,54,155
13,103,140,4,55,237,234
16
63,134
158,41,57
226
11,139,122
18,8
204,141,167,177
8,200
223
13
242
131
3
26,243,243,26,243,208,243,243,243,243
189,31,101,141,172,101,156,244
4,191,137,233
193,115,199,116
231,47,25
220
8,235,224
192,232,245
96,213,213,10,239
37
32
73,100,245
8
4,203,165
220
234,240
246,114,52
27
247,247
14,211,240,232,240,248
53
41,249
190
183
28
46,153,153,209
120
223,212,250,239,78
188,44
4,68,31,5
235,13,103
44
82,126
203
4,175
22
7
30,37
23,24,4,4,24
20,66
138,193,195,116
34
192,189
251,251
205,175,97
234,53,51
13,103
210,244
16,194,209,41,241
16,36,41,37,38
187,9,214
201,40,137
92
157
8,143
20,147,80
41,166
164,251,46
138,209,252,32
67
252
168
253,16
64
114
28,28,28
8,153,170,150
175
14
28,227,228,229,153,105,123
27,89,35,27,89,32
91
113
181,148
121,254,254,254,121,121
163,4
140
193,193,195,195,149,116
80
255,8,154
222
249
253,208,16
92,149,73
132,196
140,207,162
142,28,198
154,20,250,256,14
68
220
62
158
31,21,210
96
13,4
51,114,12,114,12
72,200,184,184
7
86
8,50,253,1
68,8,68,108,71
68,14
16,36,37,38
13,103,257,100
226
170
73,102,209,160
224
242
141,162
142,232,233
63,230,240,236,253
219,71
128,246,19
63,100,171
190,80,49
258,10,258,90
13,23,24
79
70
28
25,156,32,6,25
141,240
93
209
114,111
98
215,47,161
156
190
44,71
48,48
12,71,149,152,30
249,259,217
5,53
6,256,158,214,158
14,13,71
25,45,146,167,180
220,34,199,116
156
87,88,87,8,13,37,223
142,108,41,49,142,37
25
194
51,248,14,44,198
68,208,102
259,183,231,32
8,23,24
260,31,221
28
246,255,135,109,246
111
214
99,71
82,260
119
8,134
4
202,225
154,154
8,114,159
14
102,31,56
112,59,117,206
76,8,148,49,0
35,154,225
235,149,32,32,97
134,12
214,93
257,257,257,257,257,257,257,257,257,257,257,257,257,257
108,72,37
59,4
166,114
147,45,244
13,103,206,72,53,4,8
157
71,253
62
125
23,24,4
68,260,260
174,41,256
252,54,79,220,54
2,45
56,258
189,156
5,78
221,260,259
29,150,93,226
113
23
17,18
37,8,37,8
46,120
161
9
8
54,198,20
185,196
190,248
134,162,139,68
19
157,220,94
156,96
28,129
68,13
137,178
182
15,76
6,244,256
250
177
241
32
20,68,49,158
256,197,96
219,160,233
191,117,161,117
242,91
217,64,4
72,174,95
37
12
7
5,84,50
228,120,229,16,227
169,52,246,169
245,223
8,180
28
3,139,160,92,20
179,124,207
45
28,194
225,177
82,146,202
218,68
158,57
95
46
5
203
28,142
32,85,68
13,61,8
144,144,144
103,13,103,8,32,68,4
170
237,245,44,247
255,222,71,50,44,232
163,177
99
172
223,137
41,113,118
236,193,28
